============================ PYTORCHFI INIT SUMMARY ==============================

Layer types allowing injections:
----------------------------------------------------------------------------------
   - Conv2d

Model Info:
----------------------------------------------------------------------------------
   - Shape of input into the model: (3 32 32 )
   - Batch Size: 1
   - CUDA Enabled: True

Layer Info:
----------------------------------------------------------------------------------
Layer #       Layer type  Dimensions         Weight Shape         Output Shape
----------------------------------------------------------------------------------
    0           Conv2d           4        [64, 3, 3, 3]      [1, 64, 32, 32]
    1           Conv2d           4       [64, 64, 3, 3]      [1, 64, 16, 16]
    2           Conv2d           4       [64, 64, 3, 3]      [1, 64, 16, 16]
    3           Conv2d           4       [64, 64, 3, 3]      [1, 64, 16, 16]
    4           Conv2d           4       [64, 64, 3, 3]      [1, 64, 16, 16]
    5           Conv2d           4      [128, 64, 3, 3]       [1, 128, 8, 8]
    6           Conv2d           4     [128, 128, 3, 3]       [1, 128, 8, 8]
    7           Conv2d           4      [128, 64, 1, 1]       [1, 128, 8, 8]
    8           Conv2d           4     [128, 128, 3, 3]       [1, 128, 8, 8]
    9           Conv2d           4     [128, 128, 3, 3]       [1, 128, 8, 8]
   10           Conv2d           4     [256, 128, 3, 3]       [1, 256, 4, 4]
   11           Conv2d           4     [256, 256, 3, 3]       [1, 256, 4, 4]
   12           Conv2d           4     [256, 128, 1, 1]       [1, 256, 4, 4]
   13           Conv2d           4     [256, 256, 3, 3]       [1, 256, 4, 4]
   14           Conv2d           4     [256, 256, 3, 3]       [1, 256, 4, 4]
   15           Conv2d           4     [512, 256, 3, 3]       [1, 512, 2, 2]
   16           Conv2d           4     [512, 512, 3, 3]       [1, 512, 2, 2]
   17           Conv2d           4     [512, 256, 1, 1]       [1, 512, 2, 2]
   18           Conv2d           4     [512, 512, 3, 3]       [1, 512, 2, 2]
   19           Conv2d           4     [512, 512, 3, 3]       [1, 512, 2, 2]
==================================================================================