conv1:
tensor([[[[ 2.5625e-02,  3.3340e-02,  3.0337e-02,  ...,  1.4113e-01,
            1.7183e-01,  1.1042e-01],
          [-9.6247e-03,  1.0957e-02,  7.6160e-03,  ...,  2.6717e-02,
            1.7065e-02, -1.5318e-02],
          [-6.0994e-03,  1.6541e-02,  2.6108e-02,  ...,  9.2512e-03,
            1.5968e-02, -3.2341e-03],
          ...,
          [-4.2310e-02, -4.4153e-02, -2.7972e-02,  ..., -4.7568e-02,
           -5.4891e-02, -4.1513e-02],
          [ 9.0357e-03, -7.2307e-03, -2.4613e-02,  ..., -5.0093e-02,
           -8.3887e-03, -1.7299e-02],
          [ 1.0919e-01,  1.3250e-01,  1.6132e-01,  ...,  2.2615e-01,
            2.5699e-01,  1.3107e-01]],

         [[ 1.2474e-01, -1.6229e-01, -1.8577e-01,  ..., -2.1525e-01,
           -2.0509e-01, -2.9266e-01],
          [ 3.5023e-01,  2.2428e-02, -1.3609e-02,  ..., -7.2704e-02,
           -9.1161e-02, -2.8514e-01],
          [ 3.4336e-01,  1.1199e-02, -2.3181e-02,  ..., -3.7297e-02,
           -8.0180e-02, -3.0037e-01],
          ...,
          [-4.3144e-01, -1.5726e-02, -5.5777e-03,  ...,  6.2572e-02,
            5.9817e-02,  4.1837e-01],
          [-3.9896e-01,  2.1257e-02, -2.5247e-02,  ...,  2.3672e-02,
            5.7534e-02,  3.8838e-01],
          [-4.3240e-01, -1.5183e-01, -2.0118e-01,  ..., -2.0282e-01,
           -1.4719e-01,  8.0335e-02]],

         [[ 9.3002e-02,  2.6789e-01,  2.8749e-01,  ...,  2.7184e-01,
            2.4515e-01,  2.2182e-01],
          [-1.1433e-01, -1.0707e-02,  1.7847e-02,  ...,  2.1333e-02,
            2.8159e-02,  9.4622e-02],
          [-8.4175e-02,  2.3720e-02,  3.6860e-02,  ..., -2.9763e-03,
            2.0265e-02,  9.5673e-02],
          ...,
          [ 1.4798e-01,  1.6597e-02,  2.6649e-02,  ..., -2.9215e-02,
           -4.3841e-02, -1.2899e-01],
          [ 1.3091e-01,  2.3001e-02,  4.0939e-02,  ...,  2.9649e-03,
           -1.0920e-02, -1.3798e-01],
          [ 3.3174e-01,  3.1741e-01,  3.0831e-01,  ...,  3.2432e-01,
            2.8764e-01,  1.0942e-01]],

         ...,

         [[ 8.8442e-02,  1.4504e-01,  1.5688e-01,  ...,  1.1823e-01,
            9.8188e-02,  5.6059e-02],
          [-5.3098e-02, -5.4087e-02, -4.5144e-02,  ..., -4.0902e-02,
           -3.5394e-02, -2.2154e-02],
          [-2.8242e-02, -2.5200e-02, -1.4292e-02,  ..., -5.2748e-02,
           -3.0876e-02, -1.0779e-02],
          ...,
          [ 4.8578e-02,  6.3543e-02,  6.7985e-02,  ...,  3.7040e-02,
            2.3443e-03,  1.7373e-02],
          [ 4.3267e-02,  4.9974e-02,  7.7854e-02,  ...,  2.3699e-02,
            1.0375e-02,  4.4643e-02],
          [ 2.8506e-01,  4.0191e-01,  4.2204e-01,  ...,  4.4612e-01,
            4.7002e-01,  3.4332e-01]],

         [[ 1.2687e-02,  1.5718e-02,  2.1788e-03,  ...,  3.4866e-02,
            3.5790e-02,  7.4486e-03],
          [ 1.2262e-03,  1.9354e-02, -1.1582e-02,  ...,  4.3721e-02,
            4.7404e-02,  6.0910e-02],
          [ 8.3022e-03,  2.6893e-02,  4.0749e-03,  ...,  3.6018e-02,
            5.2245e-02,  7.3138e-02],
          ...,
          [ 9.1241e-02,  5.3583e-02, -3.9402e-03,  ...,  3.9704e-02,
            4.5092e-02, -1.9223e-01],
          [ 7.3663e-02,  2.4173e-02,  2.6050e-02,  ...,  2.6683e-02,
           -1.6106e-03, -9.5747e-02],
          [ 1.2112e-01,  6.3923e-02,  1.1956e-01,  ...,  1.5283e-01,
            7.7095e-02,  8.6294e-02]],

         [[-4.5442e-03,  2.6728e-03,  8.9073e-03,  ..., -5.1668e-04,
           -1.4755e-03,  1.6985e-02],
          [-2.3883e-04,  3.6984e-03,  8.1644e-03,  ...,  3.8463e-02,
            4.7269e-02,  3.8396e-02],
          [ 3.7936e-03,  1.1436e-02,  1.0272e-02,  ...,  4.1248e-02,
            4.5454e-02,  3.4250e-02],
          ...,
          [ 2.3027e-02,  4.0258e-02,  6.3500e-02,  ...,  5.6469e-02,
            8.0446e-02,  6.4158e-02],
          [ 7.3599e-03,  5.1063e-02,  6.1021e-02,  ...,  6.1117e-02,
            9.2205e-02,  5.9726e-02],
          [ 3.1957e-02,  6.9626e-02,  7.5881e-02,  ...,  9.0881e-02,
            1.1444e-01,  8.0138e-02]]]], device='cuda:0')

bn1:
tensor([[[[0.0194, 0.0223, 0.0212,  ..., 0.0629, 0.0744, 0.0513],
          [0.0062, 0.0139, 0.0126,  ..., 0.0198, 0.0162, 0.0040],
          [0.0075, 0.0160, 0.0196,  ..., 0.0133, 0.0158, 0.0086],
          ...,
          [0.0000, 0.0000, 0.0000,  ..., 0.0000, 0.0000, 0.0000],
          [0.0132, 0.0071, 0.0005,  ..., 0.0000, 0.0066, 0.0033],
          [0.0508, 0.0596, 0.0704,  ..., 0.0948, 0.1064, 0.0591]],

         [[0.0886, 0.0000, 0.0000,  ..., 0.0000, 0.0000, 0.0000],
          [0.2621, 0.0099, 0.0000,  ..., 0.0000, 0.0000, 0.0000],
          [0.2568, 0.0013, 0.0000,  ..., 0.0000, 0.0000, 0.0000],
          ...,
          [0.0000, 0.0000, 0.0000,  ..., 0.0408, 0.0387, 0.3145],
          [0.0000, 0.0090, 0.0000,  ..., 0.0109, 0.0369, 0.2915],
          [0.0000, 0.0000, 0.0000,  ..., 0.0000, 0.0000, 0.0545]],

         [[0.0711, 0.2036, 0.2185,  ..., 0.2066, 0.1864, 0.1687],
          [0.0000, 0.0000, 0.0141,  ..., 0.0167, 0.0219, 0.0723],
          [0.0000, 0.0185, 0.0285,  ..., 0.0000, 0.0159, 0.0731],
          ...,
          [0.1127, 0.0132, 0.0208,  ..., 0.0000, 0.0000, 0.0000],
          [0.0998, 0.0180, 0.0316,  ..., 0.0028, 0.0000, 0.0000],
          [0.2520, 0.2411, 0.2342,  ..., 0.2464, 0.2186, 0.0835]],

         ...,

         [[0.0580, 0.0847, 0.0902,  ..., 0.0720, 0.0626, 0.0427],
          [0.0000, 0.0000, 0.0000,  ..., 0.0000, 0.0000, 0.0059],
          [0.0030, 0.0045, 0.0096,  ..., 0.0000, 0.0018, 0.0113],
          ...,
          [0.0392, 0.0463, 0.0484,  ..., 0.0338, 0.0174, 0.0245],
          [0.0367, 0.0399, 0.0530,  ..., 0.0275, 0.0212, 0.0374],
          [0.1506, 0.2056, 0.2151,  ..., 0.2265, 0.2377, 0.1780]],

         [[0.0131, 0.0142, 0.0092,  ..., 0.0212, 0.0215, 0.0111],
          [0.0089, 0.0155, 0.0042,  ..., 0.0244, 0.0257, 0.0307],
          [0.0115, 0.0182, 0.0099,  ..., 0.0216, 0.0275, 0.0351],
          ...,
          [0.0418, 0.0280, 0.0070,  ..., 0.0229, 0.0249, 0.0000],
          [0.0353, 0.0173, 0.0179,  ..., 0.0182, 0.0078, 0.0000],
          [0.0527, 0.0318, 0.0521,  ..., 0.0643, 0.0366, 0.0400]],

         [[0.0000, 0.0000, 0.0000,  ..., 0.0000, 0.0000, 0.0000],
          [0.0000, 0.0000, 0.0000,  ..., 0.0000, 0.0000, 0.0000],
          [0.0000, 0.0000, 0.0000,  ..., 0.0000, 0.0000, 0.0000],
          ...,
          [0.0000, 0.0000, 0.0000,  ..., 0.0000, 0.0034, 0.0000],
          [0.0000, 0.0000, 0.0000,  ..., 0.0000, 0.0092, 0.0000],
          [0.0000, 0.0000, 0.0011,  ..., 0.0085, 0.0202, 0.0032]]]],
       device='cuda:0')

layer1.0.conv1:
tensor([[[[ 0.0274,  0.0237,  0.0222,  ...,  0.0287,  0.0208,  0.0245],
          [ 0.0290,  0.0197,  0.0100,  ...,  0.0275,  0.0126,  0.0177],
          [ 0.0409,  0.0505,  0.0318,  ...,  0.0401,  0.0279,  0.0212],
          ...,
          [ 0.0274,  0.0293,  0.0338,  ...,  0.0136,  0.0231,  0.0309],
          [ 0.0235,  0.0326,  0.0337,  ...,  0.0125,  0.0290,  0.0462],
          [ 0.0209,  0.0220,  0.0194,  ...,  0.0095,  0.0243,  0.0435]],

         [[ 0.0045, -0.0057, -0.0059,  ...,  0.0025, -0.0008, -0.0075],
          [ 0.0129,  0.0016, -0.0046,  ...,  0.0025, -0.0076, -0.0046],
          [ 0.0194,  0.0016, -0.0211,  ...,  0.0075, -0.0161, -0.0203],
          ...,
          [ 0.0278,  0.0165, -0.0122,  ..., -0.0044, -0.0034, -0.0293],
          [ 0.0231,  0.0205,  0.0060,  ..., -0.0089,  0.0025, -0.0217],
          [ 0.0189,  0.0048,  0.0032,  ..., -0.0146,  0.0018, -0.0192]],

         [[-0.0035, -0.0140, -0.0124,  ..., -0.0163, -0.0247, -0.0185],
          [-0.0149, -0.0239, -0.0205,  ..., -0.0200, -0.0310, -0.0272],
          [-0.0214, -0.0138, -0.0146,  ..., -0.0071, -0.0201, -0.0246],
          ...,
          [-0.0045,  0.0324,  0.0053,  ...,  0.0106,  0.0094, -0.0055],
          [-0.0037,  0.0433,  0.0240,  ...,  0.0119,  0.0170,  0.0051],
          [-0.0006,  0.0230,  0.0140,  ...,  0.0064,  0.0146,  0.0005]],

         ...,

         [[-0.0196, -0.0201, -0.0178,  ..., -0.0230, -0.0229, -0.0121],
          [-0.0045, -0.0147, -0.0113,  ..., -0.0252, -0.0250, -0.0101],
          [-0.0255, -0.0411, -0.0314,  ..., -0.0354, -0.0446, -0.0252],
          ...,
          [ 0.0042, -0.0192, -0.0515,  ..., -0.0031, -0.0130, -0.0154],
          [-0.0033, -0.0124, -0.0292,  ..., -0.0118, -0.0228, -0.0199],
          [-0.0067, -0.0109,  0.0003,  ..., -0.0175, -0.0206, -0.0128]],

         [[-0.0119, -0.0059, -0.0110,  ..., -0.0014,  0.0036, -0.0077],
          [-0.0058,  0.0121,  0.0062,  ...,  0.0016,  0.0126, -0.0017],
          [-0.0089, -0.0048,  0.0021,  ..., -0.0237, -0.0060, -0.0074],
          ...,
          [-0.0479, -0.0731, -0.0433,  ..., -0.0501, -0.0726, -0.0501],
          [-0.0503, -0.0900, -0.0635,  ..., -0.0631, -0.0836, -0.0607],
          [-0.0375, -0.0668, -0.0453,  ..., -0.0432, -0.0596, -0.0457]],

         [[ 0.0132,  0.0104,  0.0103,  ...,  0.0148,  0.0133,  0.0211],
          [ 0.0075,  0.0048,  0.0045,  ...,  0.0171,  0.0085,  0.0175],
          [ 0.0209,  0.0333,  0.0250,  ...,  0.0293,  0.0192,  0.0197],
          ...,
          [ 0.0431,  0.0460,  0.0487,  ...,  0.0486,  0.0481,  0.0246],
          [ 0.0522,  0.0568,  0.0484,  ...,  0.0528,  0.0538,  0.0380],
          [ 0.0185,  0.0112,  0.0059,  ...,  0.0011,  0.0089,  0.0072]]]],
       device='cuda:0')

layer1.0.bn1:
tensor([[[[0.0000, 0.0000, 0.0000,  ..., 0.0000, 0.0000, 0.0000],
          [0.0000, 0.0000, 0.0000,  ..., 0.0000, 0.0000, 0.0000],
          [0.0000, 0.0124, 0.0000,  ..., 0.0000, 0.0000, 0.0000],
          ...,
          [0.0000, 0.0000, 0.0000,  ..., 0.0000, 0.0000, 0.0000],
          [0.0000, 0.0000, 0.0000,  ..., 0.0000, 0.0000, 0.0000],
          [0.0000, 0.0000, 0.0000,  ..., 0.0000, 0.0000, 0.0000]],

         [[0.0399, 0.0159, 0.0156,  ..., 0.0352, 0.0274, 0.0118],
          [0.0596, 0.0330, 0.0186,  ..., 0.0353, 0.0115, 0.0186],
          [0.0747, 0.0330, 0.0000,  ..., 0.0469, 0.0000, 0.0000],
          ...,
          [0.0945, 0.0680, 0.0009,  ..., 0.0191, 0.0214, 0.0000],
          [0.0835, 0.0773, 0.0435,  ..., 0.0084, 0.0352, 0.0000],
          [0.0736, 0.0405, 0.0368,  ..., 0.0000, 0.0335, 0.0000]],

         [[0.0000, 0.0000, 0.0000,  ..., 0.0000, 0.0000, 0.0000],
          [0.0000, 0.0000, 0.0000,  ..., 0.0000, 0.0000, 0.0000],
          [0.0000, 0.0000, 0.0000,  ..., 0.0000, 0.0000, 0.0000],
          ...,
          [0.0000, 0.1015, 0.0128,  ..., 0.0301, 0.0264, 0.0000],
          [0.0000, 0.1372, 0.0741,  ..., 0.0344, 0.0511, 0.0122],
          [0.0000, 0.0708, 0.0412,  ..., 0.0163, 0.0432, 0.0000]],

         ...,

         [[0.0019, 0.0007, 0.0067,  ..., 0.0000, 0.0000, 0.0218],
          [0.0418, 0.0147, 0.0237,  ..., 0.0000, 0.0000, 0.0269],
          [0.0000, 0.0000, 0.0000,  ..., 0.0000, 0.0000, 0.0000],
          ...,
          [0.0647, 0.0030, 0.0000,  ..., 0.0455, 0.0193, 0.0131],
          [0.0449, 0.0210, 0.0000,  ..., 0.0224, 0.0000, 0.0012],
          [0.0360, 0.0248, 0.0543,  ..., 0.0075, 0.0000, 0.0199]],

         [[0.0189, 0.0343, 0.0211,  ..., 0.0459, 0.0589, 0.0296],
          [0.0345, 0.0808, 0.0655,  ..., 0.0537, 0.0820, 0.0452],
          [0.0265, 0.0372, 0.0550,  ..., 0.0000, 0.0342, 0.0304],
          ...,
          [0.0000, 0.0000, 0.0000,  ..., 0.0000, 0.0000, 0.0000],
          [0.0000, 0.0000, 0.0000,  ..., 0.0000, 0.0000, 0.0000],
          [0.0000, 0.0000, 0.0000,  ..., 0.0000, 0.0000, 0.0000]],

         [[0.0000, 0.0000, 0.0000,  ..., 0.0000, 0.0000, 0.0000],
          [0.0000, 0.0000, 0.0000,  ..., 0.0000, 0.0000, 0.0000],
          [0.0000, 0.0000, 0.0000,  ..., 0.0000, 0.0000, 0.0000],
          ...,
          [0.0000, 0.0022, 0.0100,  ..., 0.0097, 0.0082, 0.0000],
          [0.0202, 0.0334, 0.0093,  ..., 0.0217, 0.0248, 0.0000],
          [0.0000, 0.0000, 0.0000,  ..., 0.0000, 0.0000, 0.0000]]]],
       device='cuda:0')

layer1.0.conv2:
tensor([[[[-3.5390e-03, -5.9707e-04,  6.4428e-06,  ..., -9.7444e-04,
            1.4044e-04, -2.5748e-03],
          [-4.8103e-03, -3.3984e-03, -1.7295e-03,  ...,  3.4606e-03,
           -3.7891e-03, -7.6587e-03],
          [-5.6845e-03, -8.9958e-03, -1.0971e-02,  ..., -9.3400e-03,
           -1.3855e-02, -1.0381e-02],
          ...,
          [-1.1676e-02, -1.4463e-02, -1.5281e-02,  ..., -4.6467e-03,
           -9.0442e-03, -8.6272e-03],
          [-1.4497e-02, -1.7495e-02, -1.8304e-02,  ..., -9.3011e-03,
           -1.1117e-02, -9.5608e-03],
          [-9.5418e-03, -1.0455e-02, -1.2041e-02,  ..., -1.2934e-02,
           -1.4281e-02, -1.0202e-02]],

         [[ 6.3761e-03, -4.7021e-03, -7.5697e-03,  ..., -1.8165e-03,
           -3.9600e-03, -1.6075e-02],
          [ 1.1592e-02,  3.5499e-03, -3.6427e-03,  ...,  1.4528e-02,
            7.5898e-03, -1.8454e-02],
          [-3.1315e-03,  4.4184e-03,  1.0947e-02,  ...,  1.1958e-02,
            1.9732e-02, -1.1846e-02],
          ...,
          [-1.5591e-02, -4.5044e-03, -6.6360e-05,  ..., -1.2255e-02,
           -8.4264e-03,  1.8675e-03],
          [-1.4741e-02, -1.2830e-02, -7.7571e-03,  ..., -1.7293e-02,
           -1.2544e-02,  8.3253e-03],
          [-3.8286e-03, -5.5188e-03, -1.3320e-02,  ..., -1.4184e-02,
           -8.7339e-03,  4.0252e-03]],

         [[ 3.7548e-03,  6.6460e-03,  4.5620e-03,  ..., -3.2750e-04,
            5.5956e-03,  7.5893e-04],
          [-1.0689e-02, -1.0602e-02, -3.4895e-03,  ..., -1.5148e-02,
           -9.6476e-03, -1.8327e-03],
          [-1.3376e-02, -1.7675e-02, -8.1089e-03,  ..., -1.5287e-02,
           -1.6337e-02, -3.5566e-03],
          ...,
          [-1.8030e-03, -9.9342e-03, -1.6233e-02,  ..., -1.3196e-02,
           -1.1012e-02, -9.4789e-03],
          [-1.6752e-03, -9.8786e-03, -1.2888e-02,  ..., -6.0963e-03,
           -3.4086e-03, -6.6144e-03],
          [ 1.1110e-02,  1.1062e-02,  5.3497e-03,  ...,  8.6987e-03,
            1.4278e-02,  1.0697e-03]],

         ...,

         [[ 8.1349e-03,  1.1136e-02,  1.1630e-02,  ...,  9.7152e-03,
            1.1794e-02,  6.7847e-03],
          [-1.2928e-02, -2.1860e-02, -1.3686e-02,  ..., -2.1703e-02,
           -1.8894e-02, -8.1628e-03],
          [-1.7828e-02, -3.0278e-02, -1.9918e-02,  ..., -2.1279e-02,
           -2.2174e-02, -5.7073e-03],
          ...,
          [ 1.3897e-03, -1.4512e-02, -2.1263e-02,  ..., -1.8015e-02,
           -1.8376e-02, -1.4661e-02],
          [ 3.5809e-03,  1.1067e-04, -5.6860e-03,  ..., -6.7499e-03,
           -6.7409e-03, -3.9167e-03],
          [-3.6082e-03, -1.1476e-03,  2.2403e-03,  ..., -9.4908e-03,
           -6.5061e-04,  7.8126e-04]],

         [[ 2.8940e-03,  1.2810e-02,  1.0007e-02,  ...,  8.6815e-03,
            7.0834e-03,  1.1660e-02],
          [-4.5346e-03,  5.3770e-03,  2.1902e-03,  ..., -7.0015e-03,
           -3.4888e-03,  1.2050e-02],
          [-5.6353e-03,  2.0222e-03, -2.5441e-03,  ..., -7.2575e-03,
           -6.7450e-04,  1.4290e-02],
          ...,
          [ 6.6360e-03,  1.3555e-02,  1.3321e-02,  ..., -3.7983e-03,
           -5.9252e-03, -7.7282e-03],
          [ 3.0256e-03,  1.8025e-02,  2.4620e-02,  ...,  2.4214e-03,
            5.7254e-03, -5.8949e-04],
          [-2.5485e-03,  4.0028e-03,  8.2410e-03,  ..., -4.9697e-04,
            5.7557e-03,  1.7276e-03]],

         [[ 1.2103e-02,  1.1299e-02,  1.0485e-02,  ...,  4.0617e-03,
            1.0522e-02,  6.4453e-03],
          [ 7.1255e-03,  3.2302e-03,  6.0552e-03,  ...,  3.2587e-03,
            7.6737e-03,  5.7044e-03],
          [-2.2505e-03, -8.8210e-03, -3.2249e-03,  ...,  5.3089e-03,
            3.7786e-03,  1.9098e-03],
          ...,
          [ 1.3033e-02,  6.7676e-03, -4.6487e-03,  ...,  8.1703e-03,
            1.5120e-03,  5.3860e-03],
          [ 7.6975e-03,  1.0181e-02, -3.0664e-03,  ...,  3.5460e-03,
            3.3841e-03,  8.2504e-03],
          [ 8.4389e-03,  1.6788e-02,  8.1479e-03,  ...,  5.5330e-03,
            9.9957e-03,  1.0633e-02]]]], device='cuda:0')

layer1.0.bn2:
tensor([[[[2.9524e-02, 5.1027e-02, 6.5737e-02,  ..., 8.0786e-02,
           9.0531e-02, 8.6968e-02],
          [2.1127e-02, 3.5318e-02, 4.4602e-02,  ..., 9.7354e-02,
           2.5642e-02, 4.1149e-03],
          [1.6264e-02, 0.0000e+00, 0.0000e+00,  ..., 2.6142e-02,
           0.0000e+00, 0.0000e+00],
          ...,
          [0.0000e+00, 0.0000e+00, 0.0000e+00,  ..., 3.9392e-02,
           1.4929e-02, 2.6774e-04],
          [0.0000e+00, 0.0000e+00, 0.0000e+00,  ..., 1.1671e-02,
           3.7508e-02, 4.6164e-02],
          [3.3419e-02, 5.5310e-02, 4.8239e-02,  ..., 0.0000e+00,
           4.2269e-02, 7.6561e-02]],

         [[3.1643e-01, 0.0000e+00, 0.0000e+00,  ..., 2.1533e-02,
           0.0000e+00, 0.0000e+00],
          [3.5914e-01, 4.7422e-02, 0.0000e+00,  ..., 3.0806e-01,
           2.0254e-01, 0.0000e+00],
          [2.5015e-01, 2.5624e-01, 3.0458e-01,  ..., 2.9362e-01,
           3.7044e-01, 4.2589e-02],
          ...,
          [0.0000e+00, 1.7720e-01, 2.5756e-01,  ..., 0.0000e+00,
           0.0000e+00, 3.0884e-01],
          [0.0000e+00, 2.2286e-02, 1.6296e-01,  ..., 0.0000e+00,
           0.0000e+00, 3.8328e-01],
          [0.0000e+00, 0.0000e+00, 0.0000e+00,  ..., 0.0000e+00,
           0.0000e+00, 3.5145e-01]],

         [[2.3613e-01, 2.7710e-01, 2.6189e-01,  ..., 1.9615e-01,
           2.5592e-01, 2.1379e-01],
          [0.0000e+00, 0.0000e+00, 1.1411e-02,  ..., 0.0000e+00,
           0.0000e+00, 6.3220e-02],
          [0.0000e+00, 0.0000e+00, 0.0000e+00,  ..., 0.0000e+00,
           0.0000e+00, 4.8643e-02],
          ...,
          [8.9007e-02, 0.0000e+00, 0.0000e+00,  ..., 0.0000e+00,
           0.0000e+00, 0.0000e+00],
          [9.9341e-02, 0.0000e+00, 0.0000e+00,  ..., 0.0000e+00,
           4.5687e-03, 0.0000e+00],
          [3.4672e-01, 3.3545e-01, 2.8576e-01,  ..., 3.3939e-01,
           3.8657e-01, 2.5619e-01]],

         ...,

         [[1.4052e-01, 1.6838e-01, 1.7642e-01,  ..., 1.4628e-01,
           1.5668e-01, 1.2058e-01],
          [0.0000e+00, 0.0000e+00, 0.0000e+00,  ..., 0.0000e+00,
           0.0000e+00, 0.0000e+00],
          [0.0000e+00, 0.0000e+00, 0.0000e+00,  ..., 0.0000e+00,
           0.0000e+00, 0.0000e+00],
          ...,
          [5.3946e-02, 0.0000e+00, 0.0000e+00,  ..., 0.0000e+00,
           0.0000e+00, 0.0000e+00],
          [7.9655e-02, 6.0750e-02, 2.0000e-02,  ..., 7.5027e-02,
           6.7080e-02, 2.4351e-02],
          [1.9788e-01, 2.3012e-01, 2.4848e-01,  ..., 1.1628e-01,
           2.3473e-01, 2.5374e-01]],

         [[2.2193e-05, 6.0622e-02, 5.4528e-02,  ..., 4.2478e-02,
           3.3482e-02, 6.6590e-02],
          [0.0000e+00, 1.7331e-02, 7.0570e-03,  ..., 0.0000e+00,
           0.0000e+00, 7.3343e-02],
          [0.0000e+00, 0.0000e+00, 0.0000e+00,  ..., 0.0000e+00,
           0.0000e+00, 8.4716e-02],
          ...,
          [7.2177e-02, 6.6736e-02, 4.5648e-02,  ..., 0.0000e+00,
           0.0000e+00, 0.0000e+00],
          [4.3002e-02, 1.0122e-01, 1.1563e-01,  ..., 0.0000e+00,
           3.0183e-02, 0.0000e+00],
          [5.3081e-03, 4.3137e-02, 5.2917e-02,  ..., 0.0000e+00,
           6.5571e-02, 4.1960e-02]],

         [[6.1915e-02, 5.5707e-02, 4.9418e-02,  ..., 0.0000e+00,
           4.9703e-02, 1.8206e-02],
          [2.3460e-02, 0.0000e+00, 1.5192e-02,  ..., 0.0000e+00,
           2.7695e-02, 1.2482e-02],
          [0.0000e+00, 0.0000e+00, 0.0000e+00,  ..., 9.4264e-03,
           0.0000e+00, 0.0000e+00],
          ...,
          [6.9101e-02, 2.0695e-02, 0.0000e+00,  ..., 3.7014e-02,
           0.0000e+00, 1.1579e-02],
          [2.7879e-02, 5.0859e-02, 0.0000e+00,  ..., 6.6501e-03,
           3.7986e-05, 3.5534e-02],
          [3.3607e-02, 1.0281e-01, 3.6688e-02,  ..., 2.1917e-02,
           5.4182e-02, 7.0769e-02]]]], device='cuda:0')

layer2.0.conv1:
tensor([[[[ 0.0039, -0.0106, -0.0200,  ..., -0.0279, -0.0261, -0.0006],
          [-0.0250, -0.0453, -0.0309,  ..., -0.0076,  0.0039, -0.0200],
          [-0.0072, -0.0074, -0.0534,  ...,  0.0132,  0.0086, -0.0151],
          ...,
          [-0.0281, -0.0379, -0.0412,  ..., -0.0294, -0.0264, -0.0256],
          [ 0.0168, -0.0410, -0.0204,  ...,  0.0097,  0.0033, -0.0081],
          [-0.0188, -0.0149, -0.0631,  ..., -0.0430, -0.0501, -0.0485]],

         [[-0.0191, -0.0393, -0.0137,  ..., -0.0120, -0.0178, -0.0444],
          [ 0.0232, -0.0556, -0.0148,  ..., -0.0216, -0.0034, -0.0320],
          [-0.0224,  0.0066, -0.0259,  ..., -0.0038, -0.0366, -0.0003],
          ...,
          [ 0.0088, -0.0493, -0.0092,  ..., -0.0520,  0.0058, -0.0164],
          [ 0.0079,  0.0031, -0.0747,  ..., -0.0421, -0.0242,  0.0006],
          [-0.0506,  0.0325, -0.0469,  ..., -0.0374, -0.0235, -0.0081]],

         [[-0.0021,  0.0100, -0.0278,  ...,  0.0054, -0.0247, -0.0107],
          [-0.0040,  0.0184, -0.0194,  ...,  0.0068, -0.0201, -0.0197],
          [-0.0250,  0.0104, -0.0156,  ...,  0.0047,  0.0019, -0.0371],
          ...,
          [-0.0260, -0.0366,  0.0126,  ..., -0.0133, -0.0116, -0.0155],
          [-0.0345, -0.0495,  0.0261,  ..., -0.0091, -0.0103, -0.0244],
          [-0.0158, -0.0438,  0.0237,  ..., -0.0122,  0.0036, -0.0089]],

         ...,

         [[-0.0138, -0.0168, -0.0094,  ..., -0.0201, -0.0249, -0.0273],
          [ 0.0413, -0.0067,  0.0054,  ...,  0.0255,  0.0277, -0.0247],
          [ 0.0161, -0.0162, -0.0111,  ...,  0.0118,  0.0111, -0.0330],
          ...,
          [-0.0195, -0.0314, -0.0227,  ..., -0.0253, -0.0323, -0.0066],
          [ 0.0036, -0.0491,  0.0201,  ..., -0.0035,  0.0111,  0.0162],
          [ 0.0001, -0.0368, -0.0205,  ..., -0.0070, -0.0036,  0.0225]],

         [[-0.0112, -0.0509,  0.0261,  ...,  0.0054, -0.0114, -0.0197],
          [ 0.0414, -0.0327,  0.0268,  ...,  0.0018, -0.0155, -0.0274],
          [-0.0187, -0.0310, -0.0312,  ..., -0.0159, -0.0114, -0.0200],
          ...,
          [ 0.0077, -0.0112, -0.0294,  ..., -0.0540, -0.0613, -0.0164],
          [-0.0418, -0.0242, -0.0326,  ...,  0.0166,  0.0049,  0.0040],
          [-0.0056, -0.0330, -0.0507,  ...,  0.0031,  0.0011,  0.0109]],

         [[ 0.0052, -0.0077,  0.0134,  ...,  0.0066,  0.0093,  0.0037],
          [ 0.0268, -0.0161,  0.0118,  ...,  0.0207,  0.0287, -0.0092],
          [ 0.0407,  0.0108,  0.0405,  ...,  0.0031,  0.0203,  0.0194],
          ...,
          [ 0.0163,  0.0251,  0.0563,  ...,  0.0086,  0.0235,  0.0021],
          [ 0.0253,  0.0319,  0.0749,  ...,  0.0011,  0.0247,  0.0348],
          [ 0.0294,  0.0317,  0.0051,  ..., -0.0055,  0.0017,  0.0479]]]],
       device='cuda:0')

layer2.0.bn1:
tensor([[[[0.0604, 0.0150, 0.0000,  ..., 0.0000, 0.0000, 0.0463],
          [0.0000, 0.0000, 0.0000,  ..., 0.0244, 0.0605, 0.0000],
          [0.0257, 0.0251, 0.0000,  ..., 0.0897, 0.0753, 0.0009],
          ...,
          [0.0000, 0.0000, 0.0000,  ..., 0.0000, 0.0000, 0.0000],
          [0.1011, 0.0000, 0.0000,  ..., 0.0787, 0.0586, 0.0227],
          [0.0000, 0.0013, 0.0000,  ..., 0.0000, 0.0000, 0.0000]],

         [[0.0000, 0.0000, 0.0092,  ..., 0.0136, 0.0000, 0.0000],
          [0.1021, 0.0000, 0.0066,  ..., 0.0000, 0.0351, 0.0000],
          [0.0000, 0.0603, 0.0000,  ..., 0.0342, 0.0000, 0.0430],
          ...,
          [0.0659, 0.0000, 0.0207,  ..., 0.0000, 0.0583, 0.0026],
          [0.0635, 0.0514, 0.0000,  ..., 0.0000, 0.0000, 0.0452],
          [0.0000, 0.1254, 0.0000,  ..., 0.0000, 0.0000, 0.0233]],

         [[0.0000, 0.0209, 0.0000,  ..., 0.0071, 0.0000, 0.0000],
          [0.0000, 0.0463, 0.0000,  ..., 0.0112, 0.0000, 0.0000],
          [0.0000, 0.0221, 0.0000,  ..., 0.0048, 0.0000, 0.0000],
          ...,
          [0.0000, 0.0000, 0.0289,  ..., 0.0000, 0.0000, 0.0000],
          [0.0000, 0.0000, 0.0697,  ..., 0.0000, 0.0000, 0.0000],
          [0.0000, 0.0000, 0.0625,  ..., 0.0000, 0.0015, 0.0000]],

         ...,

         [[0.0000, 0.0000, 0.0000,  ..., 0.0000, 0.0000, 0.0000],
          [0.1325, 0.0000, 0.0150,  ..., 0.0808, 0.0879, 0.0000],
          [0.0502, 0.0000, 0.0000,  ..., 0.0359, 0.0335, 0.0000],
          ...,
          [0.0000, 0.0000, 0.0000,  ..., 0.0000, 0.0000, 0.0000],
          [0.0089, 0.0000, 0.0631,  ..., 0.0000, 0.0335, 0.0504],
          [0.0000, 0.0000, 0.0000,  ..., 0.0000, 0.0000, 0.0710]],

         [[0.0000, 0.0000, 0.1153,  ..., 0.0486, 0.0000, 0.0000],
          [0.1648, 0.0000, 0.1176,  ..., 0.0368, 0.0000, 0.0000],
          [0.0000, 0.0000, 0.0000,  ..., 0.0000, 0.0000, 0.0000],
          ...,
          [0.0558, 0.0000, 0.0000,  ..., 0.0000, 0.0000, 0.0000],
          [0.0000, 0.0000, 0.0000,  ..., 0.0844, 0.0468, 0.0439],
          [0.0129, 0.0000, 0.0000,  ..., 0.0409, 0.0346, 0.0662]],

         [[0.0000, 0.0000, 0.0000,  ..., 0.0000, 0.0000, 0.0000],
          [0.0025, 0.0000, 0.0000,  ..., 0.0000, 0.0080, 0.0000],
          [0.0425, 0.0000, 0.0420,  ..., 0.0000, 0.0000, 0.0000],
          ...,
          [0.0000, 0.0000, 0.0872,  ..., 0.0000, 0.0000, 0.0000],
          [0.0000, 0.0172, 0.1409,  ..., 0.0000, 0.0000, 0.0256],
          [0.0101, 0.0166, 0.0000,  ..., 0.0000, 0.0000, 0.0632]]]],
       device='cuda:0')

layer2.0.conv2:
tensor([[[[-1.1623e-02, -1.7674e-02, -8.9081e-03,  ..., -7.9740e-03,
           -1.6484e-02, -5.0185e-04],
          [-1.5307e-02, -2.9208e-03,  3.9034e-03,  ..., -1.0680e-03,
           -7.6663e-03, -7.7341e-03],
          [-1.5226e-02, -1.0056e-03,  1.3701e-03,  ...,  8.2532e-03,
            1.2068e-03, -1.6158e-03],
          ...,
          [-1.5909e-02, -1.4653e-02, -2.3810e-02,  ..., -1.6647e-02,
           -9.3958e-04,  9.5178e-04],
          [-2.0550e-02, -3.3324e-02, -1.7583e-02,  ...,  4.6520e-03,
            2.4322e-03,  7.3474e-04],
          [-1.2335e-02, -2.6389e-02, -1.7684e-02,  ..., -4.4352e-03,
           -9.5982e-03, -1.1746e-02]],

         [[-2.7771e-03,  7.3745e-04, -2.5426e-03,  ..., -1.1312e-02,
           -1.1018e-02, -2.4497e-03],
          [ 6.1303e-03, -1.4575e-03, -4.6208e-03,  ..., -8.0898e-03,
            1.6578e-02, -1.2529e-03],
          [ 1.8124e-03,  1.0713e-02,  3.8191e-04,  ..., -2.8295e-03,
            4.1491e-03,  6.1970e-03],
          ...,
          [-1.5767e-02, -1.5288e-02, -4.4498e-03,  ..., -4.2129e-03,
           -2.8392e-03, -6.0682e-03],
          [ 4.2374e-03, -1.7758e-02, -1.6279e-02,  ..., -7.2089e-03,
           -5.0752e-03,  5.0324e-03],
          [-9.3668e-03, -8.0317e-03, -2.6651e-02,  ..., -9.3661e-03,
           -7.3655e-03, -1.0414e-02]],

         [[ 8.1858e-03,  8.6203e-03,  2.9972e-04,  ...,  5.3771e-03,
            4.6646e-03,  5.0242e-03],
          [-9.8953e-03, -4.8097e-03,  5.9776e-04,  ..., -1.6533e-02,
           -1.4481e-02, -4.5339e-03],
          [-7.1618e-03, -1.5843e-02, -4.8113e-03,  ..., -2.4975e-02,
           -1.2213e-02, -6.1915e-03],
          ...,
          [-7.7665e-03,  5.0969e-03,  4.0586e-03,  ..., -8.0993e-03,
           -9.4923e-03, -1.1742e-02],
          [-2.9691e-03, -3.3112e-03, -1.6444e-03,  ..., -4.4172e-03,
           -4.1393e-03, -7.1338e-03],
          [-6.2438e-03, -1.1047e-04, -3.8591e-03,  ..., -7.7595e-03,
           -8.1554e-04, -9.0602e-03]],

         ...,

         [[ 8.0734e-03, -2.0522e-03, -7.7859e-03,  ...,  7.8316e-04,
           -1.2301e-02, -1.2974e-02],
          [ 1.0106e-02,  1.2538e-04, -1.5340e-02,  ...,  1.1113e-03,
           -6.7107e-03, -6.8350e-03],
          [-6.4417e-03,  8.3696e-03, -7.6439e-03,  ..., -7.0976e-04,
           -8.0586e-03,  1.1457e-02],
          ...,
          [ 7.6956e-03, -1.1794e-02,  1.2640e-02,  ..., -9.7086e-03,
           -3.3928e-03,  8.1569e-04],
          [ 1.1294e-02, -8.0787e-03, -1.5866e-02,  ..., -1.9408e-03,
            3.0558e-03,  1.9116e-03],
          [-9.3577e-04,  4.5107e-03, -1.5581e-02,  ...,  8.2223e-04,
            3.3081e-03, -9.2415e-04]],

         [[ 7.8426e-03, -4.2014e-03, -1.1025e-02,  ...,  5.3112e-03,
            6.2769e-03,  1.6371e-03],
          [-2.1684e-03,  1.8798e-03, -1.9797e-03,  ..., -1.4193e-02,
           -1.1855e-02,  3.3960e-03],
          [-7.4538e-03, -5.6030e-03, -5.1055e-03,  ..., -2.5919e-02,
           -1.4262e-02,  6.7397e-03],
          ...,
          [ 4.3580e-03, -9.2874e-03,  2.5587e-04,  ..., -1.6188e-02,
           -1.3072e-03, -2.7158e-03],
          [-5.1723e-03, -1.2331e-02, -1.2355e-02,  ..., -5.9725e-03,
           -7.5458e-03, -4.8917e-03],
          [-3.8021e-03, -9.6744e-03, -7.5343e-03,  ..., -7.0027e-03,
           -8.7124e-03, -3.7830e-03]],

         [[-8.8593e-03, -9.3175e-03, -3.2998e-03,  ..., -1.9343e-02,
           -1.0375e-02, -2.4033e-03],
          [-2.6844e-03, -1.5779e-02,  7.0590e-04,  ..., -4.1033e-03,
            1.3508e-02, -6.6601e-03],
          [ 7.8486e-03, -1.2128e-02, -1.4780e-02,  ..., -2.3573e-05,
            1.0595e-02, -1.2735e-02],
          ...,
          [ 1.0522e-03, -4.5145e-04, -2.3892e-02,  ...,  1.3321e-04,
            5.4654e-03, -3.2916e-03],
          [ 1.3916e-02, -1.1527e-02, -1.5113e-02,  ...,  9.1694e-03,
            3.6627e-03, -3.1894e-03],
          [ 1.1715e-02, -5.2863e-03, -2.9048e-02,  ...,  2.3689e-03,
           -6.2595e-03, -9.5835e-03]]]], device='cuda:0')

layer2.0.bn2:
tensor([[[[0.0000, 0.0000, 0.0000,  ..., 0.0000, 0.0000, 0.0098],
          [0.0000, 0.0065, 0.0053,  ..., 0.0560, 0.0066, 0.0000],
          [0.0000, 0.0024, 0.0000,  ..., 0.1024, 0.0653, 0.0000],
          ...,
          [0.0000, 0.0000, 0.0000,  ..., 0.0000, 0.0171, 0.0000],
          [0.0000, 0.0000, 0.0000,  ..., 0.0827, 0.0689, 0.0526],
          [0.0000, 0.0000, 0.0000,  ..., 0.0000, 0.0000, 0.0000]],

         [[0.0000, 0.0122, 0.0000,  ..., 0.0000, 0.0000, 0.0000],
          [0.0782, 0.0019, 0.0000,  ..., 0.0000, 0.1643, 0.0085],
          [0.0564, 0.0947, 0.0368,  ..., 0.0149, 0.0644, 0.0823],
          ...,
          [0.0000, 0.0000, 0.0005,  ..., 0.0000, 0.0000, 0.0000],
          [0.0940, 0.0000, 0.0000,  ..., 0.0000, 0.0000, 0.0436],
          [0.0000, 0.0000, 0.0000,  ..., 0.0000, 0.0000, 0.0000]],

         [[0.0680, 0.0122, 0.0000,  ..., 0.0000, 0.0000, 0.0364],
          [0.0000, 0.0000, 0.0000,  ..., 0.0000, 0.0000, 0.0062],
          [0.0000, 0.0000, 0.0000,  ..., 0.0000, 0.0000, 0.0000],
          ...,
          [0.0000, 0.0799, 0.0000,  ..., 0.0000, 0.0000, 0.0000],
          [0.0000, 0.0000, 0.0000,  ..., 0.0000, 0.0000, 0.0000],
          [0.0000, 0.0000, 0.0000,  ..., 0.0000, 0.0063, 0.0000]],

         ...,

         [[0.0510, 0.0000, 0.0000,  ..., 0.0000, 0.0000, 0.0000],
          [0.0727, 0.0180, 0.0000,  ..., 0.0356, 0.0000, 0.0000],
          [0.0000, 0.0751, 0.0000,  ..., 0.0280, 0.0000, 0.1336],
          ...,
          [0.0889, 0.0000, 0.1434,  ..., 0.0000, 0.0000, 0.0299],
          [0.1351, 0.0000, 0.0000,  ..., 0.0000, 0.0000, 0.0000],
          [0.0000, 0.0803, 0.0000,  ..., 0.0000, 0.0015, 0.0000]],

         [[0.0650, 0.0000, 0.0000,  ..., 0.0301, 0.0403, 0.0000],
          [0.0000, 0.0447, 0.0000,  ..., 0.0000, 0.0000, 0.0548],
          [0.0000, 0.0139, 0.0000,  ..., 0.0000, 0.0000, 0.0733],
          ...,
          [0.0166, 0.0000, 0.0128,  ..., 0.0000, 0.0000, 0.0000],
          [0.0000, 0.0000, 0.0000,  ..., 0.0000, 0.0000, 0.0000],
          [0.0000, 0.0000, 0.0000,  ..., 0.0000, 0.0000, 0.0000]],

         [[0.0000, 0.0000, 0.0000,  ..., 0.0000, 0.0000, 0.0000],
          [0.0000, 0.0000, 0.0000,  ..., 0.0000, 0.1046, 0.0000],
          [0.0442, 0.0000, 0.0000,  ..., 0.0000, 0.0561, 0.0000],
          ...,
          [0.0100, 0.0000, 0.0000,  ..., 0.0000, 0.0464, 0.0000],
          [0.0933, 0.0000, 0.0000,  ..., 0.0521, 0.0161, 0.0000],
          [0.0483, 0.0000, 0.0000,  ..., 0.0000, 0.0000, 0.0000]]]],
       device='cuda:0')

layer3.0.conv1:
tensor([[[[ 0.0040,  0.0003,  0.0067,  0.0057],
          [-0.0071,  0.0042,  0.0060,  0.0044],
          [-0.0041, -0.0010, -0.0051, -0.0052],
          [-0.0062,  0.0037, -0.0007,  0.0012]],

         [[-0.0025, -0.0048,  0.0012,  0.0187],
          [-0.0057, -0.0086, -0.0120,  0.0007],
          [ 0.0053, -0.0029, -0.0047,  0.0044],
          [ 0.0008,  0.0124,  0.0085,  0.0085]],

         [[ 0.0073,  0.0047,  0.0099,  0.0039],
          [ 0.0067,  0.0080,  0.0065,  0.0087],
          [ 0.0071,  0.0057,  0.0120,  0.0119],
          [ 0.0047,  0.0065,  0.0040,  0.0018]],

         ...,

         [[-0.0035, -0.0062, -0.0077, -0.0104],
          [-0.0008, -0.0047, -0.0051, -0.0028],
          [-0.0058, -0.0082, -0.0122, -0.0081],
          [-0.0014, -0.0115, -0.0067, -0.0059]],

         [[ 0.0065, -0.0111, -0.0058, -0.0178],
          [-0.0045, -0.0002, -0.0062, -0.0121],
          [-0.0037, -0.0096, -0.0138, -0.0113],
          [-0.0070, -0.0065, -0.0072, -0.0086]],

         [[-0.0070, -0.0026,  0.0006, -0.0027],
          [ 0.0204,  0.0182,  0.0048,  0.0102],
          [-0.0009,  0.0009,  0.0014, -0.0018],
          [-0.0026,  0.0031, -0.0061, -0.0065]]]], device='cuda:0')

layer3.0.bn1:
tensor([[[[0.0172, 0.0000, 0.0297, 0.0252],
          [0.0000, 0.0182, 0.0264, 0.0192],
          [0.0000, 0.0000, 0.0000, 0.0000],
          [0.0000, 0.0156, 0.0000, 0.0040]],

         [[0.0000, 0.0000, 0.0000, 0.0743],
          [0.0000, 0.0000, 0.0000, 0.0000],
          [0.0000, 0.0000, 0.0000, 0.0000],
          [0.0000, 0.0388, 0.0163, 0.0163]],

         [[0.0000, 0.0000, 0.0000, 0.0000],
          [0.0000, 0.0000, 0.0000, 0.0000],
          [0.0000, 0.0000, 0.0069, 0.0062],
          [0.0000, 0.0000, 0.0000, 0.0000]],

         ...,

         [[0.0099, 0.0000, 0.0000, 0.0000],
          [0.0229, 0.0040, 0.0022, 0.0131],
          [0.0000, 0.0000, 0.0000, 0.0000],
          [0.0201, 0.0000, 0.0000, 0.0000]],

         [[0.0564, 0.0000, 0.0000, 0.0000],
          [0.0000, 0.0204, 0.0000, 0.0000],
          [0.0010, 0.0000, 0.0000, 0.0000],
          [0.0000, 0.0000, 0.0000, 0.0000]],

         [[0.0000, 0.0000, 0.0000, 0.0000],
          [0.0907, 0.0784, 0.0036, 0.0339],
          [0.0000, 0.0000, 0.0000, 0.0000],
          [0.0000, 0.0000, 0.0000, 0.0000]]]], device='cuda:0')

layer3.0.conv2:
tensor([[[[ 8.5431e-04,  6.9287e-04,  1.7526e-03, -2.7068e-03],
          [-2.6971e-03,  5.0179e-03,  1.8148e-02,  2.8455e-03],
          [ 2.4359e-03,  9.9110e-03,  1.0546e-02,  2.2805e-03],
          [-5.1704e-03, -4.5080e-03, -7.4625e-04, -1.5126e-03]],

         [[-2.9084e-04,  2.3802e-04, -4.8504e-03, -7.6820e-03],
          [ 4.6843e-03, -3.3239e-03, -1.0040e-02, -7.2447e-03],
          [ 5.8917e-04, -1.3817e-03, -7.9760e-03, -9.0155e-03],
          [-3.0456e-03,  8.7454e-04, -5.4168e-03, -6.3989e-03]],

         [[ 7.3736e-04,  8.1096e-04,  3.5459e-03,  1.1706e-03],
          [ 1.0528e-03,  9.3465e-04,  4.8299e-03,  6.1646e-03],
          [-1.6421e-03,  1.0768e-04,  9.4565e-04,  1.9130e-03],
          [ 3.1111e-03,  4.1969e-03,  6.3358e-03,  4.0031e-03]],

         ...,

         [[-3.9156e-04, -3.9111e-03, -8.5780e-03, -3.6870e-03],
          [-3.2044e-03, -6.9656e-03, -9.9481e-03, -2.8591e-03],
          [-1.7843e-03, -5.6806e-03, -8.9059e-03, -5.2886e-03],
          [ 3.1112e-03,  1.3468e-03, -1.3459e-03, -8.8698e-04]],

         [[-2.1990e-03, -1.3810e-04, -5.2223e-04, -1.6993e-03],
          [-4.1819e-03, -5.2320e-03, -8.5970e-03, -7.9399e-03],
          [ 2.0716e-05, -2.3541e-03, -9.7533e-03, -6.1509e-03],
          [ 6.1868e-04, -1.9643e-06, -2.0062e-03, -1.3561e-03]],

         [[ 2.3475e-03, -1.5555e-03, -2.5265e-03, -3.5821e-03],
          [-7.2945e-04, -6.9171e-03, -7.9906e-03, -3.8799e-03],
          [-1.0167e-03, -4.2523e-03, -3.1341e-03, -8.4127e-04],
          [-2.4596e-03, -3.7083e-03, -2.9586e-03, -4.9248e-04]]]],
       device='cuda:0')

layer3.0.bn2:
tensor([[[[0.0000, 0.0000, 0.0000, 0.0000],
          [0.0000, 0.0047, 0.1224, 0.0000],
          [0.0000, 0.0398, 0.0640, 0.0000],
          [0.0000, 0.0000, 0.0000, 0.0000]],

         [[0.0000, 0.0000, 0.0000, 0.0000],
          [0.0419, 0.0000, 0.0000, 0.0000],
          [0.0000, 0.0000, 0.0000, 0.0000],
          [0.0000, 0.0042, 0.0000, 0.0000]],

         [[0.0000, 0.0000, 0.0000, 0.0000],
          [0.0000, 0.0000, 0.0000, 0.0000],
          [0.0000, 0.0000, 0.0000, 0.0000],
          [0.0000, 0.0000, 0.0000, 0.0000]],

         ...,

         [[0.0000, 0.0000, 0.0000, 0.0000],
          [0.0000, 0.0000, 0.0000, 0.0000],
          [0.0000, 0.0000, 0.0000, 0.0000],
          [0.0373, 0.0004, 0.0000, 0.0000]],

         [[0.0000, 0.0000, 0.0000, 0.0000],
          [0.0000, 0.0000, 0.0000, 0.0000],
          [0.0000, 0.0000, 0.0000, 0.0000],
          [0.0000, 0.0000, 0.0000, 0.0000]],

         [[0.0382, 0.0150, 0.0093, 0.0014],
          [0.0198, 0.0000, 0.0000, 0.0000],
          [0.0183, 0.0000, 0.0056, 0.0232],
          [0.0116, 0.0015, 0.0084, 0.0248]]]], device='cuda:0')

layer4.0.conv1:
tensor([[[[-0.0086, -0.0097],
          [-0.0083, -0.0085]],

         [[ 0.0015,  0.0024],
          [ 0.0024,  0.0029]],

         [[-0.0065, -0.0078],
          [-0.0076, -0.0089]],

         ...,

         [[-0.0010, -0.0007],
          [-0.0019, -0.0021]],

         [[-0.0036, -0.0023],
          [-0.0027, -0.0011]],

         [[-0.0069, -0.0067],
          [-0.0067, -0.0059]]]], device='cuda:0')

layer4.0.bn1:
tensor([[[[0.0000, 0.0000],
          [0.0000, 0.0000]],

         [[0.0081, 0.0124],
          [0.0129, 0.0151]],

         [[0.0000, 0.0000],
          [0.0000, 0.0000]],

         ...,

         [[0.0004, 0.0014],
          [0.0000, 0.0000]],

         [[0.0000, 0.0024],
          [0.0000, 0.0105]],

         [[0.0000, 0.0000],
          [0.0000, 0.0000]]]], device='cuda:0')

layer4.0.conv2:
tensor([[[[-9.2941e-04, -9.6552e-04],
          [-1.1107e-03, -1.1446e-03]],

         [[-2.3362e-03, -2.4061e-03],
          [-1.9528e-03, -2.0290e-03]],

         [[-1.6886e-04,  7.8311e-05],
          [-2.5451e-04,  4.7412e-05]],

         ...,

         [[-5.3332e-04, -4.3860e-04],
          [-4.1574e-04, -3.7162e-04]],

         [[-9.8197e-04, -1.0222e-03],
          [-8.8904e-04, -9.4112e-04]],

         [[ 2.0946e-04,  2.4508e-04],
          [ 2.2040e-04,  1.8770e-04]]]], device='cuda:0')

layer4.0.bn2:
tensor([[[[0.0266, 0.0238],
          [0.0184, 0.0190]],

         [[0.0204, 0.0000],
          [0.0426, 0.0047]],

         [[0.0129, 0.0274],
          [0.0000, 0.0212]],

         ...,

         [[0.0000, 0.0000],
          [0.0000, 0.0013]],

         [[0.0101, 0.0080],
          [0.0171, 0.0178]],

         [[0.0000, 0.0000],
          [0.0000, 0.0000]]]], device='cuda:0')

avgpool:
tensor([[[[3.6671e-02]],

         [[1.2181e-02]],

         [[1.3034e-02]],

         [[1.3771e-02]],

         [[0.0000e+00]],

         [[0.0000e+00]],

         [[3.7384e-01]],

         [[2.3513e-01]],

         [[0.0000e+00]],

         [[9.0603e-03]],

         [[1.6929e-02]],

         [[0.0000e+00]],

         [[3.5758e-03]],

         [[4.4066e-01]],

         [[0.0000e+00]],

         [[0.0000e+00]],

         [[1.4498e-02]],

         [[0.0000e+00]],

         [[0.0000e+00]],

         [[1.1459e-02]],

         [[1.7662e-02]],

         [[1.9707e-03]],

         [[3.9070e-01]],

         [[4.2781e-03]],

         [[5.4058e-04]],

         [[0.0000e+00]],

         [[1.7279e-02]],

         [[8.1389e-04]],

         [[1.2676e-03]],

         [[6.7306e-03]],

         [[0.0000e+00]],

         [[0.0000e+00]],

         [[7.9192e-04]],

         [[5.9113e-01]],

         [[1.6034e-02]],

         [[2.2898e-03]],

         [[0.0000e+00]],

         [[0.0000e+00]],

         [[5.3221e-03]],

         [[5.9909e-05]],

         [[2.7803e-01]],

         [[0.0000e+00]],

         [[0.0000e+00]],

         [[0.0000e+00]],

         [[0.0000e+00]],

         [[0.0000e+00]],

         [[8.7453e-04]],

         [[0.0000e+00]],

         [[0.0000e+00]],

         [[3.1514e-03]],

         [[2.2937e-01]],

         [[7.7434e-03]],

         [[1.1486e-02]],

         [[0.0000e+00]],

         [[0.0000e+00]],

         [[0.0000e+00]],

         [[5.9443e-02]],

         [[1.5861e-03]],

         [[1.0149e-02]],

         [[0.0000e+00]],

         [[0.0000e+00]],

         [[0.0000e+00]],

         [[4.8227e-04]],

         [[0.0000e+00]],

         [[1.6652e-02]],

         [[0.0000e+00]],

         [[0.0000e+00]],

         [[9.5899e-03]],

         [[8.2289e-01]],

         [[1.1336e-03]],

         [[0.0000e+00]],

         [[5.3562e-03]],

         [[0.0000e+00]],

         [[0.0000e+00]],

         [[1.0274e+00]],

         [[4.9452e-01]],

         [[0.0000e+00]],

         [[6.8721e-04]],

         [[9.7482e-04]],

         [[0.0000e+00]],

         [[1.0972e-02]],

         [[1.0923e-02]],

         [[0.0000e+00]],

         [[0.0000e+00]],

         [[1.0415e-02]],

         [[2.1840e-02]],

         [[0.0000e+00]],

         [[0.0000e+00]],

         [[0.0000e+00]],

         [[0.0000e+00]],

         [[9.9626e-03]],

         [[1.1314e-03]],

         [[1.9100e-02]],

         [[0.0000e+00]],

         [[0.0000e+00]],

         [[0.0000e+00]],

         [[9.8033e-03]],

         [[0.0000e+00]],

         [[0.0000e+00]],

         [[7.5303e-01]],

         [[2.6563e-04]],

         [[9.4770e-03]],

         [[0.0000e+00]],

         [[0.0000e+00]],

         [[4.4922e-01]],

         [[0.0000e+00]],

         [[0.0000e+00]],

         [[0.0000e+00]],

         [[0.0000e+00]],

         [[0.0000e+00]],

         [[1.7896e-02]],

         [[1.3329e+00]],

         [[0.0000e+00]],

         [[1.6947e-02]],

         [[1.3138e-02]],

         [[8.4185e-03]],

         [[5.7636e-03]],

         [[4.2709e-04]],

         [[0.0000e+00]],

         [[2.1100e-02]],

         [[0.0000e+00]],

         [[0.0000e+00]],

         [[3.1064e-01]],

         [[0.0000e+00]],

         [[8.6665e-03]],

         [[0.0000e+00]],

         [[8.2412e-01]],

         [[1.0917e-02]],

         [[0.0000e+00]],

         [[0.0000e+00]],

         [[0.0000e+00]],

         [[0.0000e+00]],

         [[4.4989e-04]],

         [[1.7589e-02]],

         [[1.2969e-02]],

         [[4.9671e-01]],

         [[0.0000e+00]],

         [[8.4928e-02]],

         [[0.0000e+00]],

         [[1.7845e-02]],

         [[1.6877e-02]],

         [[0.0000e+00]],

         [[3.4422e-01]],

         [[0.0000e+00]],

         [[1.3988e-02]],

         [[0.0000e+00]],

         [[2.0460e-01]],

         [[5.7414e-01]],

         [[1.4121e-04]],

         [[5.6255e-04]],

         [[7.0069e-01]],

         [[0.0000e+00]],

         [[6.8934e-04]],

         [[0.0000e+00]],

         [[1.1756e-02]],

         [[1.3270e-03]],

         [[0.0000e+00]],

         [[6.8736e-01]],

         [[1.7026e-02]],

         [[0.0000e+00]],

         [[0.0000e+00]],

         [[0.0000e+00]],

         [[0.0000e+00]],

         [[0.0000e+00]],

         [[0.0000e+00]],

         [[0.0000e+00]],

         [[0.0000e+00]],

         [[1.0730e+00]],

         [[1.5005e-03]],

         [[1.1307e-02]],

         [[0.0000e+00]],

         [[4.4934e-05]],

         [[0.0000e+00]],

         [[0.0000e+00]],

         [[9.8420e-03]],

         [[0.0000e+00]],

         [[0.0000e+00]],

         [[0.0000e+00]],

         [[4.6362e-01]],

         [[0.0000e+00]],

         [[1.3754e-02]],

         [[1.3503e-02]],

         [[0.0000e+00]],

         [[0.0000e+00]],

         [[7.9991e-01]],

         [[0.0000e+00]],

         [[1.2175e-02]],

         [[1.6066e-02]],

         [[0.0000e+00]],

         [[0.0000e+00]],

         [[0.0000e+00]],

         [[0.0000e+00]],

         [[3.4648e-04]],

         [[3.4271e-02]],

         [[0.0000e+00]],

         [[4.0308e-01]],

         [[0.0000e+00]],

         [[0.0000e+00]],

         [[0.0000e+00]],

         [[0.0000e+00]],

         [[4.8942e-04]],

         [[2.6200e-03]],

         [[1.6236e-03]],

         [[1.1251e-02]],

         [[0.0000e+00]],

         [[1.4782e-02]],

         [[4.2465e-05]],

         [[9.5962e-01]],

         [[0.0000e+00]],

         [[0.0000e+00]],

         [[9.7542e-03]],

         [[7.6845e-04]],

         [[7.8885e-02]],

         [[0.0000e+00]],

         [[0.0000e+00]],

         [[2.7158e-02]],

         [[0.0000e+00]],

         [[4.7595e-01]],

         [[3.5036e-02]],

         [[1.6377e-02]],

         [[1.2397e-02]],

         [[1.7726e-02]],

         [[0.0000e+00]],

         [[0.0000e+00]],

         [[0.0000e+00]],

         [[0.0000e+00]],

         [[0.0000e+00]],

         [[4.7203e-04]],

         [[0.0000e+00]],

         [[3.1514e-01]],

         [[1.2314e-02]],

         [[0.0000e+00]],

         [[0.0000e+00]],

         [[0.0000e+00]],

         [[4.1544e-04]],

         [[0.0000e+00]],

         [[1.6520e-03]],

         [[1.6140e-02]],

         [[0.0000e+00]],

         [[0.0000e+00]],

         [[1.6717e-02]],

         [[0.0000e+00]],

         [[0.0000e+00]],

         [[8.8082e-03]],

         [[1.3054e-02]],

         [[0.0000e+00]],

         [[0.0000e+00]],

         [[0.0000e+00]],

         [[0.0000e+00]],

         [[1.2285e-02]],

         [[0.0000e+00]],

         [[1.7369e-02]],

         [[0.0000e+00]],

         [[0.0000e+00]],

         [[5.3402e-01]],

         [[0.0000e+00]],

         [[0.0000e+00]],

         [[0.0000e+00]],

         [[4.4481e-01]],

         [[0.0000e+00]],

         [[0.0000e+00]],

         [[1.5580e-01]],

         [[0.0000e+00]],

         [[1.9118e-02]],

         [[0.0000e+00]],

         [[0.0000e+00]],

         [[1.7452e-02]],

         [[1.6926e-02]],

         [[0.0000e+00]],

         [[0.0000e+00]],

         [[1.6623e-02]],

         [[4.0425e-04]],

         [[0.0000e+00]],

         [[9.1098e-03]],

         [[0.0000e+00]],

         [[1.3830e-02]],

         [[1.3774e-03]],

         [[1.2808e+00]],

         [[0.0000e+00]],

         [[0.0000e+00]],

         [[0.0000e+00]],

         [[0.0000e+00]],

         [[0.0000e+00]],

         [[1.0890e+00]],

         [[8.4141e-03]],

         [[0.0000e+00]],

         [[5.1381e-03]],

         [[1.2186e+00]],

         [[0.0000e+00]],

         [[0.0000e+00]],

         [[0.0000e+00]],

         [[0.0000e+00]],

         [[2.0688e-03]],

         [[2.4366e-01]],

         [[1.7309e-03]],

         [[2.0394e-04]],

         [[0.0000e+00]],

         [[0.0000e+00]],

         [[9.7447e-03]],

         [[1.5395e-02]],

         [[6.5197e-04]],

         [[5.8921e-04]],

         [[0.0000e+00]],

         [[0.0000e+00]],

         [[0.0000e+00]],

         [[0.0000e+00]],

         [[1.0039e+00]],

         [[0.0000e+00]],

         [[0.0000e+00]],

         [[1.3178e-02]],

         [[4.2040e-01]],

         [[0.0000e+00]],

         [[1.2088e-02]],

         [[0.0000e+00]],

         [[0.0000e+00]],

         [[0.0000e+00]],

         [[0.0000e+00]],

         [[0.0000e+00]],

         [[0.0000e+00]],

         [[0.0000e+00]],

         [[0.0000e+00]],

         [[5.3871e-05]],

         [[9.8445e-01]],

         [[8.9772e-02]],

         [[9.8555e-03]],

         [[9.5014e-01]],

         [[0.0000e+00]],

         [[3.4999e-01]],

         [[8.1084e-03]],

         [[0.0000e+00]],

         [[0.0000e+00]],

         [[1.3569e-03]],

         [[0.0000e+00]],

         [[0.0000e+00]],

         [[0.0000e+00]],

         [[2.9705e-01]],

         [[0.0000e+00]],

         [[1.1938e-02]],

         [[0.0000e+00]],

         [[1.1368e-02]],

         [[0.0000e+00]],

         [[0.0000e+00]],

         [[0.0000e+00]],

         [[0.0000e+00]],

         [[2.9207e-04]],

         [[1.1327e-02]],

         [[1.5807e-02]],

         [[1.0147e-03]],

         [[0.0000e+00]],

         [[2.1246e-03]],

         [[1.7822e-02]],

         [[4.5512e-01]],

         [[1.0872e-02]],

         [[0.0000e+00]],

         [[8.6464e-04]],

         [[0.0000e+00]],

         [[1.9648e-04]],

         [[0.0000e+00]],

         [[0.0000e+00]],

         [[0.0000e+00]],

         [[4.3707e-04]],

         [[8.1327e-03]],

         [[1.7203e-02]],

         [[1.6195e-02]],

         [[0.0000e+00]],

         [[5.3421e-03]],

         [[0.0000e+00]],

         [[0.0000e+00]],

         [[0.0000e+00]],

         [[9.0539e-03]],

         [[3.1575e-01]],

         [[0.0000e+00]],

         [[0.0000e+00]],

         [[0.0000e+00]],

         [[2.2241e-03]],

         [[1.3772e-02]],

         [[1.6043e-03]],

         [[0.0000e+00]],

         [[8.4819e-04]],

         [[0.0000e+00]],

         [[5.5326e-04]],

         [[9.8611e-05]],

         [[9.0245e-03]],

         [[0.0000e+00]],

         [[6.5031e-03]],

         [[2.1301e-02]],

         [[0.0000e+00]],

         [[0.0000e+00]],

         [[5.9774e-04]],

         [[0.0000e+00]],

         [[0.0000e+00]],

         [[0.0000e+00]],

         [[4.4274e-04]],

         [[1.1044e-03]],

         [[1.2437e-02]],

         [[0.0000e+00]],

         [[0.0000e+00]],

         [[0.0000e+00]],

         [[0.0000e+00]],

         [[1.4372e-01]],

         [[8.8628e-03]],

         [[2.5858e-03]],

         [[0.0000e+00]],

         [[1.6782e-02]],

         [[0.0000e+00]],

         [[0.0000e+00]],

         [[9.5029e-03]],

         [[0.0000e+00]],

         [[0.0000e+00]],

         [[3.6138e-03]],

         [[0.0000e+00]],

         [[0.0000e+00]],

         [[2.3181e-03]],

         [[0.0000e+00]],

         [[1.1446e+00]],

         [[7.5285e-01]],

         [[1.0071e-03]],

         [[0.0000e+00]],

         [[0.0000e+00]],

         [[0.0000e+00]],

         [[4.4002e-04]],

         [[0.0000e+00]],

         [[9.9150e-03]],

         [[1.1486e+00]],

         [[1.8014e-02]],

         [[5.0911e-03]],

         [[0.0000e+00]],

         [[2.2390e-03]],

         [[6.0566e-01]],

         [[2.2922e-03]],

         [[1.6997e-01]],

         [[5.2556e-01]],

         [[6.7248e-04]],

         [[0.0000e+00]],

         [[0.0000e+00]],

         [[9.9528e-03]],

         [[1.1829e-02]],

         [[0.0000e+00]],

         [[0.0000e+00]],

         [[2.0573e-03]],

         [[9.2303e-02]],

         [[0.0000e+00]],

         [[1.0830e-02]],

         [[0.0000e+00]],

         [[0.0000e+00]],

         [[0.0000e+00]],

         [[9.0400e-01]],

         [[0.0000e+00]],

         [[0.0000e+00]],

         [[0.0000e+00]],

         [[2.8857e-01]],

         [[6.3112e-01]],

         [[8.4524e-04]],

         [[2.0463e-01]],

         [[0.0000e+00]],

         [[5.8253e-01]],

         [[2.5088e-04]],

         [[0.0000e+00]],

         [[1.1411e-02]],

         [[0.0000e+00]],

         [[0.0000e+00]],

         [[2.9984e-01]],

         [[2.8995e-04]],

         [[0.0000e+00]],

         [[2.7170e-02]],

         [[1.2844e-04]],

         [[1.0018e-02]],

         [[1.1908e-02]],

         [[0.0000e+00]],

         [[8.7095e-03]],

         [[0.0000e+00]],

         [[9.7001e-01]],

         [[0.0000e+00]],

         [[5.3038e-04]],

         [[0.0000e+00]],

         [[9.9844e-04]],

         [[1.0467e-02]],

         [[8.2776e-01]],

         [[1.2074e-02]],

         [[3.6945e-04]],

         [[1.2289e-02]],

         [[8.0946e-04]],

         [[1.0098e+00]],

         [[0.0000e+00]],

         [[4.7350e-01]],

         [[1.6053e-03]],

         [[0.0000e+00]],

         [[1.0660e+00]],

         [[1.4872e-02]],

         [[3.0403e-03]],

         [[0.0000e+00]],

         [[9.6577e-03]],

         [[1.4174e-03]],

         [[0.0000e+00]],

         [[0.0000e+00]],

         [[2.1296e-01]],

         [[1.6025e-02]],

         [[2.5420e-03]],

         [[1.6854e-02]],

         [[2.6242e-03]],

         [[0.0000e+00]],

         [[2.8780e-01]],

         [[1.0529e-03]],

         [[0.0000e+00]],

         [[1.8615e-02]],

         [[5.9401e-04]],

         [[9.0670e-01]],

         [[0.0000e+00]],

         [[1.8266e-02]],

         [[0.0000e+00]],

         [[1.4043e-02]],

         [[0.0000e+00]]]], device='cuda:0')

fc:
tensor([[-0.7404, -1.0559, -0.5174,  5.7160, -0.6190,  0.4893, -0.5329, -0.7511,
         -1.0090, -0.9796]], device='cuda:0')

